0 0 1
1.00000000 -0.00000000 -0.00000000 0.00000000
0.00000000 1.00000000 0.00000000 0.00000000
0.00000000 0.00000000 1.00000000 0.00000000
0.00000000 0.00000000 0.00000000 1.00000000
1 1 2
0.99996358 -0.00094997 -0.00848193 0.00098598
0.00090827 0.99998749 -0.00491877 -0.00039713
0.00848650 0.00491088 0.99995193 -0.00041926
0.00000000 0.00000000 0.00000000 1.00000000
2 2 3
0.99986283 -0.00139215 -0.01650388 0.00192721
0.00124645 0.99996019 -0.00883552 -0.00064021
0.01651552 0.00881374 0.99982476 -0.00047346
0.00000000 0.00000000 0.00000000 1.00000000
3 3 4
0.99970052 -0.00042729 -0.02446794 0.00345969
0.00014498 0.99993342 -0.01153826 -0.00066457
0.02447124 0.01153126 0.99963403 -0.00016231
0.00000000 0.00000000 0.00000000 1.00000000
4 4 5
0.99947041 -0.00138053 -0.03251144 0.00601408
0.00096518 0.99991777 -0.01278795 -0.00046683
0.03252642 0.01274980 0.99938955 0.00004836
0.00000000 0.00000000 0.00000000 1.00000000
5 5 6
0.99929090 -0.00105223 -0.03763768 0.00851064
0.00052269 0.99990078 -0.01407655 -0.00038896
0.03764876 0.01404690 0.99919230 0.00061367
0.00000000 0.00000000 0.00000000 1.00000000
6 6 7
0.99907644 -0.00349939 -0.04282538 0.01109757
0.00287982 0.99989043 -0.01452045 0.00044934
0.04287150 0.01438371 0.99897705 0.00158621
0.00000000 0.00000000 0.00000000 1.00000000
7 7 8
0.99881154 -0.00466045 -0.04851581 0.01363661
0.00403186 0.99990677 -0.01304618 0.00104691
0.04857209 0.01283506 0.99873721 0.00280688
0.00000000 0.00000000 0.00000000 1.00000000
8 8 9
0.99845922 -0.00414839 -0.05533510 0.01580698
0.00343229 0.99990922 -0.01302981 0.00163501
0.05538413 0.01281980 0.99838282 0.00396726
0.00000000 0.00000000 0.00000000 1.00000000
9 9 10
0.99799197 -0.00226054 -0.06330021 0.01677993
0.00140484 0.99990708 -0.01355937 0.00145120
0.06332498 0.01344322 0.99790241 0.00552775
0.00000000 0.00000000 0.00000000 1.00000000
10 10 11
0.99738721 -0.00148312 -0.07222568 0.01780813
0.00012594 0.99982341 -0.01879175 0.00023796
0.07224080 0.01873356 0.99721127 0.00672987
0.00000000 0.00000000 0.00000000 1.00000000
11 11 12
0.99653176 -0.00306274 -0.08315694 0.01794810
0.00104129 0.99970316 -0.02434142 -0.00023713
0.08320681 0.02417041 0.99623914 0.00782103
0.00000000 0.00000000 0.00000000 1.00000000
12 12 13
0.99541443 -0.00596129 -0.09547027 0.01867589
0.00336184 0.99961984 -0.02736552 -0.00094292
0.09559711 0.02691907 0.99505606 0.00928377
0.00000000 0.00000000 0.00000000 1.00000000
13 13 14
0.99416115 -0.01166897 -0.10727278 0.01956556
0.00840155 0.99948839 -0.03086062 -0.00199354
0.10757801 0.02977917 0.99375056 0.01105844
0.00000000 0.00000000 0.00000000 1.00000000
14 14 15
0.99258672 -0.01793581 -0.12020778 0.02067463
0.01375941 0.99927553 -0.03548360 -0.00306834
0.12075712 0.03356657 0.99211441 0.01272519
0.00000000 0.00000000 0.00000000 1.00000000
15 15 16
0.99063442 -0.02385812 -0.13444048 0.02255223
0.01869620 0.99904353 -0.03952827 -0.00376021
0.13525497 0.03664453 0.99013296 0.01406886
0.00000000 0.00000000 0.00000000 1.00000000
16 16 17
0.98861587 -0.03163325 -0.14709861 0.02512130
0.02580657 0.99881130 -0.04135227 -0.00366393
0.14823186 0.03708540 0.98825705 0.01537477
0.00000000 0.00000000 0.00000000 1.00000000
17 17 18
0.98679205 -0.03692093 -0.15772855 0.02773069
0.03101947 0.99872943 -0.03971541 -0.00262966
0.15899448 0.03429820 0.98668353 0.01714557
0.00000000 0.00000000 0.00000000 1.00000000
18 18 19
0.98503390 -0.04086910 -0.16744532 0.03037469
0.03507013 0.99868311 -0.03744511 -0.00165505
0.16875516 0.03101237 0.98517000 0.01870497
0.00000000 0.00000000 0.00000000 1.00000000
19 19 20
0.98323173 -0.04064849 -0.17777253 0.03255029
0.03471262 0.99873514 -0.03637528 -0.00050075
0.17902627 0.02959438 0.98339909 0.02006445
0.00000000 0.00000000 0.00000000 1.00000000
20 20 21
0.98057097 -0.04134521 -0.19175804 0.03401327
0.03517704 0.99875175 -0.03546140 0.00097679
0.19298484 0.02802694 0.98080138 0.02112072
0.00000000 0.00000000 0.00000000 1.00000000
21 21 22
0.97766737 -0.04247016 -0.20582225 0.03600295
0.03619019 0.99876014 -0.03418257 0.00159868
0.20701880 0.02597043 0.97799221 0.02238995
0.00000000 0.00000000 0.00000000 1.00000000
22 22 23
0.97540764 -0.04390006 -0.21599243 0.03868217
0.03706066 0.99867813 -0.03561600 0.00135957
0.21727046 0.02673530 0.97574524 0.02481015
0.00000000 0.00000000 0.00000000 1.00000000
23 23 24
0.97335175 -0.04450860 -0.22495634 0.04070519
0.03661870 0.99856306 -0.03912660 0.00199982
0.22637456 0.02984633 0.97358295 0.02768884
0.00000000 0.00000000 0.00000000 1.00000000
24 24 25
0.97050888 -0.04606273 -0.23662360 0.04382575
0.03722410 0.99843701 -0.04168821 0.00058946
0.23817403 0.03165068 0.97070663 0.03193772
0.00000000 0.00000000 0.00000000 1.00000000
25 25 26
0.96780705 -0.04867342 -0.24694214 0.04769904
0.03738182 0.99803873 -0.05021244 -0.00140956
0.24890183 0.03936481 0.96772842 0.03652747
0.00000000 0.00000000 0.00000000 1.00000000
26 26 27
0.96491329 -0.05545987 -0.25664478 0.05317886
0.04188720 0.99743413 -0.05805710 -0.00247516
0.25920610 0.04526993 0.96476050 0.04134518
0.00000000 0.00000000 0.00000000 1.00000000
27 27 28
0.96268718 -0.06088556 -0.26367849 0.05870239
0.04642835 0.99707426 -0.06072337 -0.00259692
0.26660421 0.04621546 0.96269742 0.04746443
0.00000000 0.00000000 0.00000000 1.00000000
28 28 29
0.95993838 -0.06461619 -0.27265922 0.06264724
0.04928215 0.99681337 -0.06272463 -0.00259026
0.27584338 0.04677455 0.96006384 0.05394853
0.00000000 0.00000000 0.00000000 1.00000000
29 29 30
0.95556621 -0.06153918 -0.28828137 0.06597284
0.04451805 0.99687617 -0.06523835 -0.00256200
0.29139554 0.04950584 0.95532079 0.05973476
0.00000000 0.00000000 0.00000000 1.00000000
30 30 31
0.95032688 -0.05917316 -0.30557709 0.06969286
0.03968130 0.99678442 -0.06961476 -0.00254011
0.30871381 0.05403108 0.94961910 0.06414463
0.00000000 0.00000000 0.00000000 1.00000000
31 31 32
0.94478645 -0.05544998 -0.32296107 0.07402476
0.03311274 0.99668928 -0.07425644 -0.00165045
0.32600936 0.05946235 0.94349464 0.06719778
0.00000000 0.00000000 0.00000000 1.00000000
32 32 33
0.93900266 -0.05239499 -0.33989523 0.07725990
0.02929177 0.99691972 -0.07275345 0.00100680
0.34266017 0.05835955 0.93764501 0.07092047
0.00000000 0.00000000 0.00000000 1.00000000
33 33 34
0.93265017 -0.04279202 -0.35823526 0.07929552
0.01971219 0.99750187 -0.06783403 0.00401754
0.36024309 0.05620382 0.93116381 0.07489213
0.00000000 0.00000000 0.00000000 1.00000000
34 34 35
0.92402102 -0.03120882 -0.38106582 0.08001536
0.00872204 0.99812429 -0.06059566 0.00766110
0.38224217 0.05266799 0.92256003 0.07870894
0.00000000 0.00000000 0.00000000 1.00000000
35 35 36
0.91484073 -0.02003190 -0.40331770 0.07930979
-0.00281822 0.99842779 -0.05598223 0.00917849
0.40380503 0.05235146 0.91334595 0.08193523
0.00000000 0.00000000 0.00000000 1.00000000
36 36 37
0.90397767 -0.01588432 -0.42728452 0.07912621
-0.01054986 0.99817691 -0.05942693 0.00817089
0.42744950 0.05822841 0.90216206 0.08407265
0.00000000 0.00000000 0.00000000 1.00000000
37 37 38
0.88971627 -0.00925021 -0.45642020 0.07995794
-0.02269188 0.99766267 -0.06445362 0.00758877
0.45594960 0.06770246 0.88742681 0.08532934
0.00000000 0.00000000 0.00000000 1.00000000
38 38 39
0.87405088 0.00026939 -0.48583431 0.08152634
-0.03708210 0.99711971 -0.06616049 0.00760918
0.48441714 0.07584340 0.87154335 0.08658163
0.00000000 0.00000000 0.00000000 1.00000000
39 39 40
0.85926090 0.00704048 -0.51148914 0.08348678
-0.04786161 0.99662546 -0.06668546 0.00791667
0.50929360 0.08178090 0.85669826 0.08814542
0.00000000 0.00000000 0.00000000 1.00000000
40 40 41
0.84532474 0.00967532 -0.53416520 0.08641169
-0.05399647 0.99626350 -0.06740495 0.00881311
0.53151713 0.08582211 0.84268862 0.09030696
0.00000000 0.00000000 0.00000000 1.00000000
41 41 42
0.83278611 0.01254931 -0.55345263 0.08840810
-0.05895539 0.99606812 -0.06612537 0.00874590
0.55044669 0.08769730 0.83025154 0.09303630
0.00000000 0.00000000 0.00000000 1.00000000
42 42 43
0.81941067 0.01148554 -0.57309182 0.09273186
-0.06122342 0.99583365 -0.06757981 0.00846884
0.56992793 0.09046226 0.81669990 0.09549214
0.00000000 0.00000000 0.00000000 1.00000000
43 43 44
0.80539403 0.01410273 -0.59257199 0.09727680
-0.06232726 0.99618968 -0.06100356 0.00860499
0.58945378 0.08606529 0.80320421 0.09852317
0.00000000 0.00000000 0.00000000 1.00000000
44 44 45
0.79271276 0.01918673 -0.60929332 0.10186230
-0.06568845 0.99637323 -0.05408714 0.00855631
0.60604580 0.08289910 0.79109812 0.10182659
0.00000000 0.00000000 0.00000000 1.00000000
45 45 46
0.78050512 0.02374534 -0.62469826 0.10635581
-0.06727329 0.99666586 -0.04616785 0.00925438
0.62151915 0.07805975 0.77950024 0.10605514
0.00000000 0.00000000 0.00000000 1.00000000
46 46 47
0.77036126 0.02355635 -0.63717237 0.11070156
-0.06463491 0.99705463 -0.04128438 0.00972331
0.63432315 0.07298747 0.76961482 0.10978462
0.00000000 0.00000000 0.00000000 1.00000000
47 47 48
0.75872527 0.02127906 -0.65106310 0.11328880
-0.06316107 0.99716020 -0.04101486 0.00954269
0.64834146 0.07224085 0.75791465 0.11316865
0.00000000 0.00000000 0.00000000 1.00000000
48 48 49
0.74636365 0.01572963 -0.66535244 0.11608520
-0.06374449 0.99681412 -0.04794009 0.01095930
0.66247863 0.07819329 0.74498850 0.11607892
0.00000000 0.00000000 0.00000000 1.00000000
49 49 50
0.73443126 0.01184337 -0.67857974 0.11784003
-0.06345319 0.99666643 -0.05128080 0.01369392
0.67571031 0.08072027 0.73273448 0.11883463
0.00000000 0.00000000 0.00000000 1.00000000
50 50 51
0.72352264 0.01396384 -0.69015940 0.11790016
-0.07407960 0.99559228 -0.05751712 0.01571539
0.68631421 0.09274167 0.72136799 0.12128959
0.00000000 0.00000000 0.00000000 1.00000000
51 51 52
0.70903902 0.01921647 -0.70490737 0.11701773
-0.09041204 0.99385564 -0.06384849 0.01688074
0.69934922 0.10900319 0.70641983 0.12285646
0.00000000 0.00000000 0.00000000 1.00000000
52 52 53
0.69273950 0.01386892 -0.72105453 0.11739764
-0.09613704 0.99266781 -0.07326866 0.01793710
0.71475146 0.12007614 0.68899352 0.12358023
0.00000000 0.00000000 0.00000000 1.00000000
53 53 54
0.67756347 0.00723184 -0.73542875 0.11824725
-0.09639150 0.99219943 -0.07905040 0.01970703
0.72912030 0.12445074 0.67297518 0.12437554
0.00000000 0.00000000 0.00000000 1.00000000
54 54 55
0.66511865 0.00238749 -0.74673388 0.12084026
-0.09647749 0.99188841 -0.08276156 0.02161593
0.74047909 0.12708927 0.65995381 0.12500546
0.00000000 0.00000000 0.00000000 1.00000000
55 55 56
0.65593125 0.00206560 -0.75481781 0.12467115
-0.09908020 0.99157945 -0.08338647 0.02394959
0.74828958 0.12948329 0.65061261 0.12431529
0.00000000 0.00000000 0.00000000 1.00000000
56 56 57
0.64548515 -0.00058553 -0.76377259 0.12911979
-0.09140414 0.99275367 -0.07800922 0.02785316
0.75828372 0.12016577 0.64075423 0.12267624
0.00000000 0.00000000 0.00000000 1.00000000
57 57 58
0.63581022 -0.00588359 -0.77182301 0.13373672
-0.08089449 0.99395577 -0.07421594 0.03159538
0.76759459 0.10962348 0.63149128 0.11959821
0.00000000 0.00000000 0.00000000 1.00000000
58 58 59
0.62540690 -0.01698644 -0.78011388 0.13813629
-0.06795070 0.99477939 -0.07613580 0.03295088
0.77733449 0.10062514 0.62098766 0.11687188
0.00000000 0.00000000 0.00000000 1.00000000
59 59 60
0.61519772 -0.02543704 -0.78796239 0.14039142
-0.05740818 0.99538052 -0.07695408 0.03231794
0.78627989 0.09257746 0.61089552 0.11604037
0.00000000 0.00000000 0.00000000 1.00000000
60 60 61
0.60596615 -0.03405604 -0.79476110 0.14433837
-0.06652483 0.99341399 -0.09329035 0.03113941
0.79270390 0.10940214 0.59970968 0.11656742
0.00000000 0.00000000 0.00000000 1.00000000
61 61 62
0.59716343 -0.04723910 -0.80072736 0.14827903
-0.06633157 0.99193684 -0.10798806 0.03377465
0.79937223 0.11760002 0.58921496 0.11980777
0.00000000 0.00000000 0.00000000 1.00000000
62 62 63
0.59441489 -0.06381324 -0.80162261 0.15191348
-0.06248714 0.99016714 -0.12515747 0.03669553
0.80172707 0.12448657 0.58458259 0.12192838
0.00000000 0.00000000 0.00000000 1.00000000
63 63 64
0.59091190 -0.07566711 -0.80317969 0.15659884
-0.06239109 0.98832341 -0.13901150 0.03980417
0.80431988 0.13225480 0.57929111 0.12373334
0.00000000 0.00000000 0.00000000 1.00000000
64 64 65
0.58710272 -0.08214293 -0.80533405 0.16188067
-0.05827605 0.98796848 -0.14325564 0.04306177
0.80741210 0.13103746 0.57525202 0.12537764
0.00000000 0.00000000 0.00000000 1.00000000
65 65 66
0.58352908 -0.08195750 -0.80794602 0.16980930
-0.05529953 0.98857492 -0.14021978 0.04480624
0.81020724 0.12650136 0.57233001 0.12803732
0.00000000 0.00000000 0.00000000 1.00000000
66 66 67
0.57874074 -0.08734010 -0.81082111 0.17921377
-0.05352249 0.98803687 -0.14463226 0.04164125
0.81375334 0.12710175 0.56714253 0.12924479
0.00000000 0.00000000 0.00000000 1.00000000
67 67 68
0.57657141 -0.09536245 -0.81146251 0.18959634
-0.05303822 0.98670214 -0.15364191 0.03902167
0.81532347 0.13162405 0.56384639 0.12922950
0.00000000 0.00000000 0.00000000 1.00000000
68 68 69
0.57379521 -0.09762178 -0.81315991 0.19955046
-0.05348518 0.98628468 -0.15614691 0.03769905
0.81725051 0.13308835 0.56070411 0.13032275
0.00000000 0.00000000 0.00000000 1.00000000
69 69 70
0.57239178 -0.09556820 -0.81439203 0.20825507
-0.05856155 0.98588431 -0.15685240 0.03608531
0.81788642 0.13747308 0.55871545 0.13287311
0.00000000 0.00000000 0.00000000 1.00000000
70 70 71
0.57168535 -0.09348593 -0.81512959 0.21590105
-0.06847639 0.98458488 -0.16094592 0.03362050
0.81761045 0.14782756 0.55647117 0.13621566
0.00000000 0.00000000 0.00000000 1.00000000
71 71 72
0.56994265 -0.09490143 -0.81618570 0.22324644
-0.07327421 0.98348041 -0.16552090 0.03254395
0.81841081 0.15414278 0.55357361 0.13948814
0.00000000 0.00000000 0.00000000 1.00000000
72 72 73
0.56901520 -0.09499370 -0.81682182 0.23063584
-0.07501829 0.98316694 -0.16659841 0.03175194
0.81889801 0.15607360 0.55231067 0.14458767
0.00000000 0.00000000 0.00000000 1.00000000
73 73 74
0.56725660 -0.09478827 -0.81806793 0.23759207
-0.07651755 0.98299078 -0.16695568 0.03100769
0.81997867 0.15730326 0.55035504 0.15082235
0.00000000 0.00000000 0.00000000 1.00000000
74 74 75
0.56213142 -0.09423830 -0.82166137 0.24416874
-0.08000489 0.98263155 -0.16743490 0.03059161
0.82316917 0.15985734 0.54482855 0.15797905
0.00000000 0.00000000 0.00000000 1.00000000
75 75 76
0.55795075 -0.09249986 -0.82470282 0.24997742
-0.08395965 0.98237769 -0.16698760 0.03119575
0.82561597 0.16241262 0.54035211 0.16577879
0.00000000 0.00000000 0.00000000 1.00000000
76 76 77
0.55563468 -0.08696278 -0.82686612 0.25523974
-0.09032494 0.98231504 -0.16400783 0.03345437
0.82650560 0.16581507 0.53795339 0.17431281
0.00000000 0.00000000 0.00000000 1.00000000
77 77 78
0.55451998 -0.08020799 -0.82829600 0.26097420
-0.09509810 0.98271586 -0.15882663 0.03751177
0.82671878 0.16684191 0.53730795 0.18293305
0.00000000 0.00000000 0.00000000 1.00000000
78 78 79
0.55137272 -0.06986438 -0.83132851 0.26550284
-0.09996594 0.98377462 -0.14897756 0.04417099
0.82824811 0.16524670 0.53544243 0.19122622
0.00000000 0.00000000 0.00000000 1.00000000
79 79 80
0.54482743 -0.06137465 -0.83629912 0.26929520
-0.10279602 0.98490735 -0.13924975 0.05256595
0.83222355 0.16183531 0.53029547 0.19968205
0.00000000 0.00000000 0.00000000 1.00000000
80 80 81
0.53690657 -0.05635718 -0.84175721 0.27376740
-0.10515892 0.98551386 -0.13305653 0.05999685
0.83706209 0.15995720 0.52320241 0.20760108
0.00000000 0.00000000 0.00000000 1.00000000
81 81 82
0.53101181 -0.05467452 -0.84559870 0.27858665
-0.10557963 0.98587078 -0.13004519 0.06473648
0.84076120 0.15833352 0.51773651 0.21536074
0.00000000 0.00000000 0.00000000 1.00000000
82 82 83
0.52636034 -0.05836410 -0.84825611 0.28335599
-0.10285699 0.98594392 -0.13166256 0.06702509
0.84401732 0.15655102 0.51295862 0.22283026
0.00000000 0.00000000 0.00000000 1.00000000
83 83 84
0.52053230 -0.06081890 -0.85167317 0.28738513
-0.09770945 0.98666441 -0.13017760 0.06858431
0.84823286 0.15097816 0.50764811 0.22996877
0.00000000 0.00000000 0.00000000 1.00000000
84 84 85
0.51710505 -0.06155885 -0.85370538 0.29155481
-0.09235220 0.98757461 -0.12715130 0.06983403
0.85092505 0.14459215 0.50499472 0.23722298
0.00000000 0.00000000 0.00000000 1.00000000
85 85 86
0.51430131 -0.05985364 -0.85551839 0.29567894
-0.08939794 0.98838539 -0.12289150 0.07033333
0.85293738 0.13968484 0.50297711 0.24458435
0.00000000 0.00000000 0.00000000 1.00000000
86 86 87
0.50943526 -0.05551545 -0.85871634 0.29926006
-0.09060580 0.98890898 -0.11768440 0.07030281
0.85572560 0.13775726 0.49875508 0.25084361
0.00000000 0.00000000 0.00000000 1.00000000
87 87 88
0.50601220 -0.05131341 -0.86099860 0.30322631
-0.09351700 0.98908026 -0.11390706 0.07021075
0.85744167 0.13815637 0.49568800 0.25720201
0.00000000 0.00000000 0.00000000 1.00000000
88 88 89
0.50302438 -0.04832484 -0.86292015 0.30707782
-0.09318218 0.98958317 -0.10973711 0.07063162
0.85923429 0.13560922 0.49328144 0.26395065
0.00000000 0.00000000 0.00000000 1.00000000
89 89 90
0.50014229 -0.04524718 -0.86476030 0.31073167
-0.09283592 0.99007673 -0.10549669 0.07039070
0.86095248 0.13304418 0.49097868 0.27052901
0.00000000 0.00000000 0.00000000 1.00000000
90 90 91
0.49706208 -0.04194822 -0.86670043 0.31358046
-0.09343803 0.99043529 -0.10152469 0.07001617
0.86266947 0.13144685 0.48838827 0.27553675
0.00000000 0.00000000 0.00000000 1.00000000
91 91 92
0.49351480 -0.03978008 -0.86882719 0.31632931
-0.09320766 0.99078144 -0.09830808 0.06941583
0.86472855 0.12949784 0.48525749 0.28028682
0.00000000 0.00000000 0.00000000 1.00000000
92 92 93
0.48884073 -0.03869200 -0.87151458 0.31859857
-0.09206159 0.99114951 -0.09564156 0.06859351
0.86750182 0.12698650 0.48095220 0.28370183
0.00000000 0.00000000 0.00000000 1.00000000
93 93 94
0.48403394 -0.03671275 -0.87427874 0.32070541
-0.09288433 0.99131925 -0.09305181 0.06752692
0.87010554 0.12624703 0.47642212 0.28692083
0.00000000 0.00000000 0.00000000 1.00000000
94 94 95
0.48090431 -0.03403275 -0.87611233 0.32262059
-0.09274797 0.99166518 -0.08943145 0.06589019
0.87185369 0.12426561 0.47373960 0.28966427
0.00000000 0.00000000 0.00000000 1.00000000
95 95 96
0.47738832 -0.03274404 -0.87808213 0.32459551
-0.09172419 0.99198896 -0.08685951 0.06366022
0.87389191 0.12200709 0.47056052 0.29270417
0.00000000 0.00000000 0.00000000 1.00000000
96 96 97
0.47283797 -0.02995456 -0.88064010 0.32610321
-0.09151917 0.99234720 -0.08289318 0.06084921
0.87638376 0.11979049 0.46647802 0.29603513
0.00000000 0.00000000 0.00000000 1.00000000
97 97 98
0.46705355 -0.03039833 -0.88370635 0.32781993
-0.08737749 0.99293067 -0.08033596 0.05785047
0.87990122 0.11473724 0.46109567 0.29988086
0.00000000 0.00000000 0.00000000 1.00000000
98 98 99
0.45846752 -0.03435821 -0.88804676 0.33017612
-0.08283152 0.99325066 -0.08119153 0.05573659
0.88484263 0.11078194 0.45252722 0.30380712
0.00000000 0.00000000 0.00000000 1.00000000
99 99 100
0.44958488 -0.03636347 -0.89249713 0.33297771
-0.08020902 0.99349107 -0.08088266 0.05439485
0.88962911 0.10794994 0.44374188 0.30891377
0.00000000 0.00000000 0.00000000 1.00000000
100 100 101
0.41066392 0.03270690 -0.91119998 0.35140744
-0.11009437 0.99382330 -0.01394525 0.03419776
0.90511567 0.10604480 0.41172822 0.32452386
0.00000000 0.00000000 0.00000000 1.00000000
101 101 102
0.40271617 0.03509392 -0.91465190 0.35308784
-0.11296668 0.99353085 -0.01161821 0.03206011
0.90832715 0.10800403 0.40407538 0.32970717
0.00000000 0.00000000 0.00000000 1.00000000
102 102 103
0.39113740 0.03449292 -0.91968569 0.35460530
-0.11556394 0.99322879 -0.01189756 0.02938859
0.91304792 0.11093608 0.39247506 0.33423255
0.00000000 0.00000000 0.00000000 1.00000000
103 103 104
0.37930313 0.03414617 -0.92464219 0.35571495
-0.11987573 0.99271002 -0.01251511 0.02723788
0.91747422 0.11558918 0.38063131 0.33705354
0.00000000 0.00000000 0.00000000 1.00000000
104 104 105
0.36791305 0.03505385 -0.92919923 0.35675111
-0.12049539 0.99266085 -0.01026179 0.02615355
0.92201998 0.11573967 0.36943671 0.33855948
0.00000000 0.00000000 0.00000000 1.00000000
105 105 106
0.36102053 0.03767738 -0.93179643 0.35829632
-0.11671131 0.99315299 -0.00506096 0.02538205
0.92522573 0.11057829 0.36294599 0.34117609
0.00000000 0.00000000 0.00000000 1.00000000
106 106 107
0.35855557 0.04088876 -0.93261247 0.36057402
-0.11416239 0.99346205 -0.00033468 0.02493931
0.92650140 0.10658927 0.36087931 0.34398179
0.00000000 0.00000000 0.00000000 1.00000000
107 107 108
0.35539231 0.04529748 -0.93361900 0.36302851
-0.11271908 0.99361276 0.00530051 0.02479178
0.92789585 0.10335291 0.35822823 0.34656802
0.00000000 0.00000000 0.00000000 1.00000000
108 108 109
0.35166562 0.04965491 -0.93480783 0.36528197
-0.11185524 0.99366688 0.01070252 0.02436027
0.92941901 0.10079945 0.35499264 0.34983788
0.00000000 0.00000000 0.00000000 1.00000000
109 109 110
0.34977335 0.05495519 -0.93522111 0.36638645
-0.11459471 0.99329126 0.01550899 0.02404822
0.92979925 0.10174676 0.35372439 0.35460716
0.00000000 0.00000000 0.00000000 1.00000000
110 110 111
0.34947080 0.05576915 -0.93528603 0.36560050
-0.11212410 0.99354278 0.01734757 0.02303862
0.93021414 0.09880563 0.35346726 0.36011963
0.00000000 0.00000000 0.00000000 1.00000000
111 111 112
0.34619217 0.05478885 -0.93656242 0.36288127
-0.10775137 0.99400906 0.01832012 0.02105603
0.93195527 0.09457360 0.35002173 0.36490637
0.00000000 0.00000000 0.00000000 1.00000000
112 112 113
0.33644156 0.05511682 -0.94009000 0.35831888
-0.11139195 0.99360640 0.01838924 0.01863714
0.93509300 0.09853155 0.34043005 0.36922794
0.00000000 0.00000000 0.00000000 1.00000000
113 113 114
0.32266266 0.05829133 -0.94471738 0.35339656
-0.12114320 0.99243635 0.01985996 0.01630727
0.93872953 0.10803801 0.32728375 0.37413118
0.00000000 0.00000000 0.00000000 1.00000000
114 114 115
0.31202418 0.05795618 -0.94830480 0.34927797
-0.12541958 0.99191499 0.01935418 0.01408292
0.94175944 0.11289702 0.31677030 0.37937269
0.00000000 0.00000000 0.00000000 1.00000000
115 115 116
0.30222817 0.05809536 -0.95146364 0.34528628
-0.12942912 0.99139847 0.01942116 0.01209347
0.94440788 0.11727748 0.30714778 0.38400210
0.00000000 0.00000000 0.00000000 1.00000000
116 116 117
0.28671150 0.06244707 -0.95597954 0.34039035
-0.13667408 0.99033251 0.02370064 0.01043873
0.94821765 0.12386238 0.29247462 0.38738416
0.00000000 0.00000000 0.00000000 1.00000000
117 117 118
0.27007253 0.06497805 -0.96064493 0.33645405
-0.14286570 0.98938034 0.02675692 0.00869091
0.95218182 0.13001691 0.27648758 0.39091456
0.00000000 0.00000000 0.00000000 1.00000000
118 118 119
0.25788398 0.06748884 -0.96381591 0.33402307
-0.14789183 0.98855898 0.02965065 0.00736750
0.95478996 0.13489407 0.26491457 0.39459599
0.00000000 0.00000000 0.00000000 1.00000000
119 119 120
0.24672306 0.07020910 -0.96653940 0.33268267
-0.15166886 0.98787888 0.03304353 0.00607870
0.95714382 0.13844132 0.25438104 0.39793619
0.00000000 0.00000000 0.00000000 1.00000000
120 120 121
0.23241049 0.07281589 -0.96988825 0.33224408
-0.15432724 0.98732134 0.03714389 0.00392978
0.96029603 0.14104754 0.24070131 0.40114634
0.00000000 0.00000000 0.00000000 1.00000000
121 121 122
0.21976368 0.07721073 -0.97249289 0.33240898
-0.16044795 0.98614875 0.04203695 0.00067776
0.96226835 0.14679630 0.22910798 0.40517018
0.00000000 0.00000000 0.00000000 1.00000000
122 122 123
0.20757810 0.07796907 -0.97510623 0.33331251
-0.16033487 0.98604946 0.04471241 -0.00366629
0.96498915 0.14706222 0.21718344 0.41035543
0.00000000 0.00000000 0.00000000 1.00000000
123 123 124
0.19367311 0.07537292 -0.97816647 0.33435298
-0.15707425 0.98656468 0.04491996 -0.00787866
0.96841025 0.14494498 0.20291019 0.41620232
0.00000000 0.00000000 0.00000000 1.00000000
124 124 125
0.17720299 0.07315950 -0.98145137 0.33549386
-0.15639419 0.98665488 0.04531010 -0.01132892
0.97166865 0.14546421 0.18627991 0.42173986
0.00000000 0.00000000 0.00000000 1.00000000
125 125 126
0.15900006 0.07333153 -0.98455140 0.33661732
-0.15277971 0.98705246 0.04884467 -0.01361566
0.97538574 0.14265318 0.16814497 0.42759415
0.00000000 0.00000000 0.00000000 1.00000000
126 126 127
0.13945280 0.07369399 -0.98748272 0.33797402
-0.14545057 0.98793485 0.05318712 -0.01570194
0.97948816 0.13621283 0.14848911 0.43397051
0.00000000 0.00000000 0.00000000 1.00000000
127 127 128
0.12355734 0.08182851 -0.98895788 0.34011748
-0.14846340 0.98690210 0.06310985 -0.01703891
0.98116879 0.13902637 0.13408754 0.44103751
0.00000000 0.00000000 0.00000000 1.00000000
128 128 129
0.10183154 0.08633748 -0.99104802 0.34249140
-0.14714398 0.98657587 0.07082863 -0.01718449
0.98385923 0.13861416 0.11316858 0.44787190
0.00000000 0.00000000 0.00000000 1.00000000
129 129 130
0.07689139 0.09384723 -0.99261292 0.34331492
-0.15124175 0.98513753 0.08142473 -0.01704108
0.98550172 0.14386366 0.08994222 0.45409015
0.00000000 0.00000000 0.00000000 1.00000000
130 130 131
0.05498561 0.09471533 -0.99398470 0.34380691
-0.15094113 0.98483884 0.08549402 -0.01787479
0.98701234 0.14533224 0.06844840 0.46024385
0.00000000 0.00000000 0.00000000 1.00000000
131 131 132
0.03510630 0.09429512 -0.99492511 0.34347619
-0.15135147 0.98455759 0.08797203 -0.01875416
0.98785641 0.14749501 0.04883588 0.46666150
0.00000000 0.00000000 0.00000000 1.00000000
132 132 133
0.01499246 0.09120188 -0.99571956 0.34315221
-0.15143481 0.98455132 0.08789880 -0.01867277
0.98835354 0.14946879 0.02857198 0.47277126
0.00000000 0.00000000 0.00000000 1.00000000
133 133 134
-0.00424637 0.08746700 -0.99615837 0.34275116
-0.15028425 0.98479768 0.08711010 -0.01762371
0.98863371 0.15007682 0.00896310 0.47911307
0.00000000 0.00000000 0.00000000 1.00000000
134 134 135
-0.02180611 0.08238582 -0.99636192 0.34310559
-0.14737450 0.98544670 0.08470867 -0.01635605
0.98884036 0.14868551 -0.00934719 0.48509512
0.00000000 0.00000000 0.00000000 1.00000000
135 135 136
-0.03656066 0.08104139 -0.99603997 0.34341309
-0.14534251 0.98567724 0.08553318 -0.01387684
0.98870566 0.14789410 -0.02425825 0.49100535
0.00000000 0.00000000 0.00000000 1.00000000
136 136 137
-0.04996513 0.07699861 -0.99577844 0.34414121
-0.14337294 0.98614435 0.08344767 -0.01186361
0.98840664 0.14693716 -0.03823332 0.49688422
0.00000000 0.00000000 0.00000000 1.00000000
137 137 138
-0.06383547 0.07170141 -0.99538130 0.34474796
-0.14318356 0.98643806 0.08023980 -0.01100384
0.98763531 0.14764439 -0.05270327 0.50267722
0.00000000 0.00000000 0.00000000 1.00000000
138 138 139
-0.07631420 0.06588438 -0.99490471 0.34491295
-0.14245214 0.98685815 0.07627832 -0.01068019
0.98685537 0.14754743 -0.06592592 0.50853724
0.00000000 0.00000000 0.00000000 1.00000000
139 139 140
-0.08878616 0.06076972 -0.99419518 0.34487296
-0.14068496 0.98736568 0.07291608 -0.01049066
0.98606529 0.14634225 -0.07911502 0.51458434
0.00000000 0.00000000 0.00000000 1.00000000
140 140 141
-0.10110018 0.05588952 -0.99330515 0.34447486
-0.14038005 0.98763012 0.06985831 -0.01084224
0.98492243 0.14650291 -0.09200381 0.52075812
0.00000000 0.00000000 0.00000000 1.00000000
141 141 142
-0.11240722 0.05064949 -0.99237052 0.34433956
-0.14133842 0.98773050 0.06642227 -0.01125600
0.98355888 0.14772643 -0.10386932 0.52693258
0.00000000 0.00000000 0.00000000 1.00000000
142 142 143
-0.12320804 0.04674936 -0.99127911 0.34394782
-0.14253965 0.98769851 0.06429703 -0.01177445
0.98209074 0.14921849 -0.11502876 0.53336872
0.00000000 0.00000000 0.00000000 1.00000000
143 143 144
-0.13412196 0.04248072 -0.99005388 0.34405298
-0.14109582 0.98808322 0.06151032 -0.01243977
0.98086863 0.14794235 -0.12652981 0.53969583
0.00000000 0.00000000 0.00000000 1.00000000
144 144 145
-0.14402701 0.03902016 -0.98880415 0.34433573
-0.14006948 0.98835804 0.05940476 -0.01263528
0.97961051 0.14705718 -0.13688472 0.54564817
0.00000000 0.00000000 0.00000000 1.00000000
145 145 146
-0.15142945 0.03674917 -0.98778470 0.34435248
-0.13684460 0.98890659 0.05776947 -0.01292598
0.97894978 0.14392100 -0.14472066 0.55207977
0.00000000 0.00000000 0.00000000 1.00000000
146 146 147
-0.15794456 0.03483202 -0.98683344 0.34455599
-0.13513972 0.98921175 0.05654533 -0.01354361
0.97815682 0.14229142 -0.15153343 0.55825086
0.00000000 0.00000000 0.00000000 1.00000000
147 147 148
-0.16538409 0.03209118 -0.98570698 0.34495416
-0.12969901 0.99008218 0.05399481 -0.01433044
0.97766368 0.13677510 -0.15958165 0.56348858
0.00000000 0.00000000 0.00000000 1.00000000
148 148 149
-0.17263796 0.02978818 -0.98453481 0.34540147
-0.12458690 0.99085428 0.05182567 -0.01507484
0.97707433 0.13160722 -0.16734785 0.56741259
0.00000000 0.00000000 0.00000000 1.00000000
149 149 150
-0.17902047 0.02918118 -0.98341249 0.34567226
-0.12401561 0.99091788 0.05197970 -0.01591862
0.97599785 0.13126393 -0.17377566 0.57043794
0.00000000 0.00000000 0.00000000 1.00000000
150 150 151
-0.18351853 0.02848815 -0.98260337 0.34625471
-0.12463237 0.99083921 0.05200422 -0.01668373
0.97508344 0.13200793 -0.17828680 0.57324788
0.00000000 0.00000000 0.00000000 1.00000000
151 151 152
-0.18939391 0.03155927 -0.98139389 0.34636357
-0.12314995 0.99082770 0.05562868 -0.01661250
0.97414785 0.13139434 -0.18377021 0.57575645
0.00000000 0.00000000 0.00000000 1.00000000
152 152 153
-0.19503816 0.03397392 -0.98020706 0.34623785
-0.12090589 0.99094440 0.05840351 -0.01639798
0.97331489 0.12990372 -0.18916433 0.57796586
0.00000000 0.00000000 0.00000000 1.00000000
153 153 154
-0.20137380 0.03437611 -0.97891107 0.34632673
-0.11944849 0.99106341 0.05937486 -0.01708736
0.97220402 0.12888599 -0.19546803 0.57996335
0.00000000 0.00000000 0.00000000 1.00000000
154 154 155
-0.21142190 0.03476036 -0.97677658 0.34661229
-0.11957100 0.99094098 0.06114540 -0.01786895
0.97005338 0.12972163 -0.20535029 0.58222343
0.00000000 0.00000000 0.00000000 1.00000000
155 155 156
-0.22260145 0.03541817 -0.97426595 0.34678712
-0.12032421 0.99070121 0.06350748 -0.01859683
0.96745578 0.13136464 -0.21626986 0.58521308
0.00000000 0.00000000 0.00000000 1.00000000
156 156 157
-0.22989187 0.03601975 -0.97254939 0.34726487
-0.12408443 0.99007427 0.06599996 -0.01985619
0.96527342 0.13585109 -0.22314053 0.58966180
0.00000000 0.00000000 0.00000000 1.00000000
157 157 158
-0.23588403 0.03597413 -0.97111513 0.34970629
-0.12890339 0.98932575 0.06795938 -0.02187547
0.96319398 0.14121056 -0.22872896 0.59518098
0.00000000 0.00000000 0.00000000 1.00000000
158 158 159
-0.24525794 0.03824168 -0.96870332 0.35327456
-0.13163407 0.98865413 0.07235662 -0.02400083
0.96047958 0.14526039 -0.23744137 0.60105595
0.00000000 0.00000000 0.00000000 1.00000000
159 159 160
-0.25471725 0.04028543 -0.96617607 0.35776281
-0.13458953 0.98793047 0.07667493 -0.02672150
0.95760367 0.14956761 -0.24622094 0.60703713
0.00000000 0.00000000 0.00000000 1.00000000
160 160 161
-0.26414982 0.04104863 -0.96360774 0.36312750
-0.13602977 0.98752136 0.07935660 -0.02961655
0.95484071 0.15204137 -0.25526975 0.61363707
0.00000000 0.00000000 0.00000000 1.00000000
161 161 162
-0.27107425 0.04147527 -0.96166447 0.36760930
-0.13584364 0.98742356 0.08087786 -0.03201479
0.95292458 0.15255990 -0.26203095 0.62044612
0.00000000 0.00000000 0.00000000 1.00000000
162 162 163
-0.27550481 0.04340130 -0.96031944 0.37070370
-0.13634426 0.98711694 0.08372803 -0.03384079
0.95158150 0.15400152 -0.26603795 0.62704878
0.00000000 0.00000000 0.00000000 1.00000000
163 163 164
-0.27820010 0.04485230 -0.95947537 0.37357042
-0.13614529 0.98698267 0.08561353 -0.03590123
0.95082552 0.15444575 -0.26847225 0.63395562
0.00000000 0.00000000 0.00000000 1.00000000
164 164 165
-0.27870425 0.04692194 -0.95923004 0.37540441
-0.13876839 0.98635645 0.08856802 -0.03808899
0.95029852 0.15779509 -0.26839045 0.64140033
0.00000000 0.00000000 0.00000000 1.00000000
165 165 166
-0.27638609 0.05082428 -0.95970184 0.37731015
-0.14148075 0.98556860 0.09293942 -0.04105833
0.95057558 0.16146650 -0.26520679 0.64914426
0.00000000 0.00000000 0.00000000 1.00000000
166 166 167
-0.27551861 0.05758921 -0.95956916 0.37830661
-0.14494904 0.98430220 0.10069242 -0.04411305
0.95030483 0.16683127 -0.26284608 0.65683786
0.00000000 0.00000000 0.00000000 1.00000000
167 167 168
-0.27535841 0.06696386 -0.95900656 0.37749639
-0.15083453 0.98220617 0.11189274 -0.04753644
0.94943493 0.17546191 -0.26035827 0.66375011
0.00000000 0.00000000 0.00000000 1.00000000
168 168 169
-0.27861680 0.07551252 -0.95742913 0.37635859
-0.15341687 0.98060330 0.12198537 -0.05204332
0.94806959 0.18087295 -0.26162766 0.66917860
0.00000000 0.00000000 0.00000000 1.00000000
169 169 170
-0.28856870 0.08574044 -0.95361244 0.37459103
-0.15972576 0.97771466 0.13624145 -0.05634674
0.94404226 0.19163149 -0.26844289 0.67185020
0.00000000 0.00000000 0.00000000 1.00000000
170 170 171
-0.29764338 0.09877692 -0.94955334 0.37156950
-0.16557355 0.97421869 0.15324278 -0.06044112
0.94020946 0.20283262 -0.27361490 0.67336924
0.00000000 0.00000000 0.00000000 1.00000000
171 171 172
-0.30246511 0.11175889 -0.94658587 0.36840157
-0.16995725 0.97086377 0.16893216 -0.06602924
0.93788560 0.21197521 -0.27465818 0.67466447
0.00000000 0.00000000 0.00000000 1.00000000
172 172 173
-0.30676368 0.12237868 -0.94388532 0.36524474
-0.17300158 0.96801025 0.18173227 -0.07271592
0.93593082 0.21904251 -0.27577868 0.67596257
0.00000000 0.00000000 0.00000000 1.00000000
173 173 174
-0.31265470 0.13232499 -0.94060467 0.36272315
-0.17632812 0.96495187 0.19436121 -0.07925073
0.93335708 0.22662299 -0.27836412 0.67708710
0.00000000 0.00000000 0.00000000 1.00000000
174 174 175
-0.32100507 0.14608322 -0.93574325 0.36107004
-0.17805878 0.96110417 0.21112518 -0.08411060
0.93018859 0.23438956 -0.28250792 0.67775469
0.00000000 0.00000000 0.00000000 1.00000000
175 175 176
-0.32981526 0.16084315 -0.93024264 0.35966360
-0.17769507 0.95718888 0.22850363 -0.08837676
0.92717116 0.24066352 -0.28711447 0.67867252
0.00000000 0.00000000 0.00000000 1.00000000
176 176 177
-0.34008249 0.17370460 -0.92421351 0.35775584
-0.17738665 0.95330004 0.24444427 -0.09248460
0.92351387 0.24707436 -0.29338777 0.67972650
0.00000000 0.00000000 0.00000000 1.00000000
177 177 178
-0.34662456 0.18560406 -0.91945775 0.35514348
-0.17859423 0.94923780 0.25894342 -0.09764351
0.92084500 0.25396600 -0.29588133 0.68146621
0.00000000 0.00000000 0.00000000 1.00000000
178 178 179
-0.35433641 0.19593108 -0.91436137 0.35140629
-0.18042422 0.94510572 0.27243764 -0.10471246
0.91754717 0.26150752 -0.29953466 0.68333533
0.00000000 0.00000000 0.00000000 1.00000000
179 179 180
-0.36768732 0.20392037 -0.90731611 0.34626668
-0.18484183 0.94016858 0.28621064 -0.11159109
0.91139428 0.27294599 -0.30799505 0.68562411
0.00000000 0.00000000 0.00000000 1.00000000
180 180 181
-0.38036600 0.21108397 -0.90042505 0.33975566
-0.18762173 0.93574747 0.29862143 -0.11724355
0.90560466 0.28252474 -0.31632259 0.68791247
0.00000000 0.00000000 0.00000000 1.00000000
181 181 182
-0.39085713 0.21691864 -0.89452613 0.33256560
-0.18575274 0.93325053 0.30747254 -0.12225394
0.90151352 0.28633851 -0.32447440 0.68906327
0.00000000 0.00000000 0.00000000 1.00000000
182 182 183
-0.39954774 0.21841153 -0.89031343 0.32606067
-0.18518861 0.93194839 0.31173287 -0.12506719
0.89781222 0.28942807 -0.33191055 0.68894113
0.00000000 0.00000000 0.00000000 1.00000000
183 183 184
-0.40771095 0.21642649 -0.88709152 0.32019774
-0.19391443 0.92882226 0.31573154 -0.12687045
0.89228302 0.30074705 -0.33672278 0.68799587
0.00000000 0.00000000 0.00000000 1.00000000
184 184 185
-0.41620603 0.21525608 -0.88342366 0.31522291
-0.20805932 0.92325140 0.32298323 -0.12763205
0.88514624 0.31823209 -0.33947677 0.68676844
0.00000000 0.00000000 0.00000000 1.00000000
185 185 186
-0.42375292 0.21601621 -0.87964223 0.31047937
-0.22114449 0.91708313 0.33174333 -0.12971524
0.87836699 0.33510524 -0.34084586 0.68640863
0.00000000 0.00000000 0.00000000 1.00000000
186 186 187
-0.42806208 0.21579624 -0.87760745 0.30687114
-0.23204595 0.91227520 0.33750354 -0.13166318
0.87345151 0.34811772 -0.34043577 0.68675045
0.00000000 0.00000000 0.00000000 1.00000000
187 187 188
-0.43019980 0.22070714 -0.87533793 0.30324438
-0.23937793 0.90705031 0.34634946 -0.13252653
0.87041734 0.35853605 -0.33738044 0.68796041
0.00000000 0.00000000 0.00000000 1.00000000
188 188 189
-0.43070011 0.22651632 -0.87360618 0.29935013
-0.24393146 0.90274339 0.35433291 -0.13431661
0.86890440 0.36571126 -0.33355722 0.68949037
0.00000000 0.00000000 0.00000000 1.00000000
189 189 190
-0.43041100 0.22998766 -0.87284136 0.29572879
-0.24545504 0.90073283 0.35837438 -0.13636261
0.86861856 0.36849159 -0.33123369 0.68990548
0.00000000 0.00000000 0.00000000 1.00000000
190 190 191
-0.42758489 0.23475770 -0.87296047 0.29241742
-0.24460654 0.89961864 0.36173741 -0.13839142
0.87025215 0.36820529 -0.32724007 0.69024759
0.00000000 0.00000000 0.00000000 1.00000000
191 191 192
-0.42241305 0.24241224 -0.87338624 0.28972372
-0.24456837 0.89735203 0.36734949 -0.13909962
0.87278492 0.36877587 -0.31976684 0.68857590
0.00000000 0.00000000 0.00000000 1.00000000
192 192 193
-0.42311221 0.24659755 -0.87187482 0.28669923
-0.24702621 0.89440559 0.37284943 -0.14070779
0.87175347 0.37313308 -0.31751787 0.68608179
0.00000000 0.00000000 0.00000000 1.00000000
193 193 194
-0.42509531 0.24784976 -0.87055412 0.28277520
-0.25691039 0.88918788 0.37860529 -0.14352103
0.86792340 0.38459773 -0.31431442 0.68365064
0.00000000 0.00000000 0.00000000 1.00000000
194 194 195
-0.42522140 0.24989846 -0.86990662 0.27883545
-0.26682382 0.88380173 0.38431699 -0.14672255
0.86486520 0.39553162 -0.30913255 0.68041940
0.00000000 0.00000000 0.00000000 1.00000000
195 195 196
-0.42577455 0.25080369 -0.86937537 0.27513198
-0.27648916 0.87879789 0.38893189 -0.14961860
0.86155080 0.40597016 -0.30482528 0.67695773
0.00000000 0.00000000 0.00000000 1.00000000
196 196 197
-0.42853597 0.25097786 -0.86796719 0.27134840
-0.28624759 0.87344884 0.39389013 -0.15369867
0.85698264 0.41724960 -0.30246244 0.67252531
0.00000000 0.00000000 0.00000000 1.00000000
197 197 198
-0.42938985 0.24940196 -0.86799944 0.26872776
-0.29385508 0.87023003 0.39540978 -0.15779030
0.85397515 0.42485099 -0.30037991 0.66957723
0.00000000 0.00000000 0.00000000 1.00000000
198 198 199
-0.42753350 0.25385694 -0.86762420 0.26648721
-0.29603353 0.86752627 0.39970279 -0.16228777
0.85415412 0.42773219 -0.29574638 0.66754505
0.00000000 0.00000000 0.00000000 1.00000000
199 199 200
-0.42441636 0.25875135 -0.86770876 0.26564563
-0.29750160 0.86524814 0.40353248 -0.16875932
0.85519796 0.42941053 -0.29024652 0.66625245
0.00000000 0.00000000 0.00000000 1.00000000
200 200 201
-0.46326357 0.29259360 -0.83652606 0.24921042
-0.25752810 0.85874625 0.44298326 -0.19428549
0.84797768 0.42064697 -0.32247478 0.69281012
0.00000000 0.00000000 0.00000000 1.00000000
201 201 202
-0.46215500 0.30154248 -0.83395737 0.24847134
-0.26474001 0.85061473 0.45427669 -0.20439096
0.84636014 0.43072812 -0.31328549 0.69185026
0.00000000 0.00000000 0.00000000 1.00000000
202 202 203
-0.46311996 0.31339507 -0.82903766 0.24770838
-0.26606670 0.84309131 0.46733879 -0.21476574
0.84541612 0.43701324 -0.30706842 0.69131261
0.00000000 0.00000000 0.00000000 1.00000000
203 203 204
-0.45934205 0.33325222 -0.82337588 0.24669504
-0.26128454 0.83525169 0.48382333 -0.22422177
0.84896129 0.43737578 -0.29659257 0.68949299
0.00000000 0.00000000 0.00000000 1.00000000
204 204 205
-0.45697093 0.34452930 -0.82004703 0.24570148
-0.26083441 0.82950321 0.49385204 -0.23409134
0.85037814 0.43957251 -0.28919376 0.68789492
0.00000000 0.00000000 0.00000000 1.00000000
205 205 206
-0.46193540 0.35431128 -0.81306777 0.24410700
-0.26657701 0.81888315 0.50829822 -0.24303512
0.84590329 0.45154612 -0.28381987 0.68554625
0.00000000 0.00000000 0.00000000 1.00000000
206 206 207
-0.46983701 0.36441826 -0.80402271 0.24303737
-0.26848278 0.80867332 0.52341615 -0.24941888
0.84093411 0.46178653 -0.28210462 0.68150711
0.00000000 0.00000000 0.00000000 1.00000000
207 207 208
-0.47866625 0.37188571 -0.79534876 0.24289311
-0.26665590 0.80150302 0.53524531 -0.25349959
0.83652451 0.46828830 -0.28448692 0.67781196
0.00000000 0.00000000 0.00000000 1.00000000
208 208 209
-0.48576554 0.38156466 -0.78640972 0.24342459
-0.25936952 0.79624743 0.54655053 -0.25855067
0.83472109 0.46946613 -0.28782332 0.67392701
0.00000000 0.00000000 0.00000000 1.00000000
209 209 210
-0.49157349 0.38660355 -0.78031608 0.24545134
-0.25269365 0.79417522 0.55265869 -0.26455239
0.83336752 0.46885329 -0.29270323 0.67078680
0.00000000 0.00000000 0.00000000 1.00000000
